//************************************************
// Board: 5202
// File Format Version 3.4
// Janus Release 4.3.0
// Acquisition Mode: Spect_Timing
// Energy Histogram NBins: 4096
// ToA/ToT LSB: 0.5 ns
// Run start time: Wed Jul  1 21:14:06 2026 UTC
//************************************************
Brd  Ch       LG       HG  ToA_ns   ToT_ns         TStamp_us    Tref_TStamp_us         TrgID    NChs
  0  00     1466     4032        -        -      9466492.360      9466492.3640             0       2
  0  01     1373     4045        -        - 
  0  00      206     2045        -        -     32737506.800     32737506.8040             1       2
  0  01      136     1329        -        - 
  0  00      521     4032        -        -     36815152.096     36815152.1000             2       2
  0  01      172     1846        -        - 
  0  00      641     4032        -        -     48338146.584     48338146.5885             3       2
  0  01      456     4045        -        - 
  0  00      281     2865        -        -     49982170.096     49982170.1005             4       2
  0  01      407     4045        -        - 
  0  00     1531     4032        -        -     50955020.056     50955020.0600             5       2
  0  01      402     4007        -        - 
  0  00      264     2643        -        -     65991592.496     65991592.5005             6       2
  0  01      247     2548        -        - 
  0  00      218     2206        -        -     70599305.952     70599305.9565             7       2
  0  01     1973     4045        -        - 
  0  00      925     4032        -        -     81711954.624     81711954.6285             8       2
  0  01      421     4045        -        - 
  0  00      254     2595        -        -     88648613.192     88648613.1965             9       2
  0  01      249     2647        -        - 
  0  00     3290     4032        -        -     88786460.192     88786460.1965            10       2
  0  01     2797     4045        -        - 
  0  00      301     2989        -        -    101712753.064    101712753.0680            11       2
  0  01      160     1697        -        - 
  0  00      164     1670        -        -    112581880.320    112581880.3245            12       2
  0  01      385     3920        -        - 
  0  00      184     1868        -        -    117885169.920    117885169.9245            13       2
  0  01      796     4045        -        - 
  0  00      267     2622        -        -    121617729.112    121617729.1165            14       2
  0  01      713     4045        -        - 
  0  00      172     1790        -        -    124910710.152    124910710.1565            15       2
  0  01      185     2013        -        - 
  0  00      234     2320        -        -    131742002.936    131742002.9405            16       2
  0  01      413     4045        -        - 
  0  00      195     1987        -        -    147775756.144    147775756.1485            17       2
  0  01      274     2843        -        - 
  0  00     3388     4032        -        -    149039250.496    149039250.5005            18       2
  0  01     3640     4045        -        - 
  0  00     1068     4032        -        -    157142174.312    157142174.3160            19       2
  0  01      209     2203        -        - 
  0  00      336     3361        -        -    170417902.200    170417902.2045            20       2
  0  01      345     3547        -        - 
  0  00      273     2707        -        -    178670948.704    178670948.7080            21       2
  0  01      128     1307        -        - 
  0  00      129     1264        -        -    197593999.320    197593999.3245            22       2
  0  01      633     4045        -        - 
  0  00      201     2046        -        -    199579776.368    199579776.3720            23       2
  0  01      126     1329        -        - 
  0  00      483     4032        -        -    202234029.088    202234029.0920            24       2
  0  01      226     2436        -        - 
  0  00      381     3807        -        -    202599588.624    202599588.6285            25       2
  0  01      938     4045        -        - 
  0  00      273     2755        -        -    215686177.352    215686177.3560            26       2
  0  01      142     1459        -        - 
  0  00      152     1519        -        -    222893760.944    222893760.9480            27       2
  0  01      128     1239        -        - 
  0  00      372     3728        -        -    223977035.464    223977035.4680            28       2
  0  01      433     4045        -        - 
  0  00      181     1865        -        -    230851851.560    230851851.5645            29       2
  0  01     1302     4045        -        - 
  0  00      278     2723        -        -    260741350.328    260741350.3325            30       2
  0  01      156     1685        -        - 
  0  00      340     3413        -        -    283561659.912    283561659.9165            31       2
  0  01      317     3213        -        - 
  0  00      214     2202        -        -    288786948.616    288786948.6205            32       2
  0  01      174     1900        -        - 
  0  00      609     4032        -        -    299020013.840    299020013.8445            33       2
  0  01     2305     4045        -        - 
  0  00      234     2228        -        -    321591549.472    321591549.4760            34       2
  0  01      120     1174        -        - 
  0  00      174     1729        -        -    327084252.968    327084252.9725            35       2
  0  01      195     2036        -        - 
  0  00      251     2518        -        -    328935405.016    328935405.0205            36       2
  0  01     1060     4045        -        - 
  0  00      128     1209        -        -    339927945.296    339927945.3005            37       2
  0  01      353     3642        -        - 
  0  00      253     2539        -        -    382406143.160    382406143.1640            38       2
  0  01      158     1585        -        - 
  0  00      151     1519        -        -    390800090.360    390800090.3645            39       2
  0  01      259     2675        -        - 
  0  00       24      234        -        -    400586040.832    400586040.8365            40       2
  0  01       50      393     36.0     11.0 
  0  00       41      286     43.0      6.5    400586055.368    400586051.2365           128       2
  0  01       49      511        -        - 
  0  00       25      229        -        -    400586083.664    400586083.6685           134       2
  0  01       39      473     79.0     19.5 
  0  00      131     1301        -        -    401101953.016    401101953.0205           144       2
  0  01      135     1371        -        - 
  0  00      213     2140        -        -    405150490.328    405150490.3325           145       2
  0  01      141     1516        -        - 
  0  00      226     2281        -        -    407894650.704    407894650.7080           146       2
  0  01      174     1821        -        - 
  0  00      272     2797        -        -    422941615.536    422941615.5405           147       2
  0  01      287     3028        -        - 
  0  00      474     4032        -        -    423724832.640    423724832.6440           148       2
  0  01      319     3296        -        - 
  0  00      218     2272        -        -    440577074.792    440577074.7965           149       2
  0  01      575     4045        -        - 
  0  00      121     1263        -        -    452014457.800    452014457.8045           150       2
  0  01     4024     4045        -        - 
  0  00      663     4032        -        -    458452402.112    458452402.1160           151       2
  0  01     1020     4045        -        - 
  0  00      468     4032        -        -    465358244.408    465358244.4125           152       2
  0  01      593     4045        -        - 
  0  00      140     1421        -        -    475448441.328    475448441.3325           153       2
  0  01      363     3763        -        - 
  0  00      443     4032        -        -    476577305.480    476577305.4845           154       2
  0  01      477     4045        -        - 
  0  00      281     2844        -        -    482400864.552    482400864.5565           155       2
  0  01      753     4045        -        - 
  0  00      359     3559        -        -    513967463.040    513967463.0445           156       2
  0  01      684     4045        -        - 
  0  00      181     1822        -        -    545442167.104    545442167.1085           157       2
  0  01      228     2430        -        - 
  0  00      198     1935        -        -    552363866.832    552363866.8360           158       2
  0  01      139     1282        -        - 
  0  00      209     2109        -        -    553114088.472    553114088.4760           159       2
  0  01      123     1303        -        - 
  0  00     2253     4032        -        -    573463644.400    573463644.4045           160       2
  0  01     1003     4045        -        - 
  0  00      250     2460        -        -    592793671.472    592793671.4765           161       2
  0  01      268     2870        -        - 
  0  00      144     1466        -        -    656313070.208    656313070.2125           162       2
  0  01      253     2709        -        - 
  0  00      242     2379        -        -    662825118.648    662825118.6525           163       2
  0  01     2643     4045        -        - 
  0  00      288     2916        -        -    676468656.024    676468656.0280           164       2
  0  01      263     2735        -        - 
  0  00      159     1623        -        -    685608322.640    685608322.6445           165       2
  0  01     1039     4045        -        - 
  0  00      534     4032        -        -    705273336.808    705273336.8120           166       2
  0  01      258     2730        -        - 
  0  00      809     4032        -        -    705601944.376    705601944.3800           167       2
  0  01      475     4045        -        - 
  0  00      151     1434        -        -    709532361.664    709532361.6680           168       2
  0  01      121     1128        -        - 
  0  00      303     3067        -        -    711845761.528    711845761.5320           169       2
  0  01      159     1649        -        - 
  0  00      125     1176        -        -    715981389.216    715981389.2200           170       2
  0  01      136     1214        -        - 
  0  00      191     1918        -        -    720162179.720    720162179.7240           171       2
  0  01      150     1490        -        - 
  0  00      320     3191        -        -    724633808.368    724633808.3720           172       2
  0  01      296     3106        -        - 
  0  00     3133     4032        -        -    752235258.848    752235258.8520           173       2
  0  01      639     4045        -        - 
  0  00      122     1184        -        -    764019897.016    764019897.0205           174       2
  0  01      256     2636        -        - 
  0  00     1957     4032        -        -    771789756.048    771789756.0525           175       2
  0  01     3381     4045        -        - 
  0  00      110     1133        -        -    780413935.624    780413935.6285           176       2
  0  01      492     4045        -        - 
  0  00      145     1433        -        -    781062381.568    781062381.5725           177       2
  0  01      242     2525        -        - 
  0  00      171     1732        -        -    782159574.648    782159574.6520           178       2
  0  01      146     1413        -        - 
  0  00      276     2795        -        -    782887745.040    782887745.0445           179       2
  0  01      234     2473        -        - 
  0  00      265     2686        -        -    789564993.720    789564993.7245           180       2
  0  01      185     1981        -        - 
  0  00      304     2995        -        -    801842830.216    801842830.2205           181       2
  0  01      363     3676        -        - 
  0  00      186     1878        -        -    815730864.640    815730864.6445           182       2
  0  01      262     2731        -        - 
  0  00     3040     4032        -        -    831640782.888    831640782.8920           183       2
  0  01     2064     4045        -        - 
  0  00      133     1330        -        -    836461933.640    836461933.6445           184       2
  0  01      291     2995        -        - 
  0  00      178     1829        -        -    840611338.432    840611338.4365           185       2
  0  01      114     1204        -        - 
  0  00      534     4032        -        -    842800382.272    842800382.2765           186       2
  0  01     2801     4045        -        - 
  0  00      162     1693        -        -    860332143.088    860332143.0925           187       2
  0  01      259     2684        -        - 
  0  00      494     4032        -        -    881448390.144    881448390.1485           188       2
  0  01      323     3313        -        - 
  0  00        7       87     30.5      8.5    885623590.864    885623590.8685           189       2
  0  01        3      137     90.0     17.0 
  0  00       32      270     86.0      7.0    885623604.384    885623601.6045           257       2
  0  01       40      496     40.0     18.5 
  0  00       39      345        -        -    885623617.944    885623614.7965           384       2
  0  01       44      460     51.0     14.5 
  0  00       11      193     40.0      8.0    885623995.976    885623995.9805           486       2
  0  01       11      514     40.0     11.5 
  0  00      539     4032        -        -    886712406.280    886712406.2845           517       2
  0  01     1256     4045        -        - 
  0  00      171     1692        -        -    889610398.896    889610398.9005           518       2
  0  01      128     1342        -        - 
  0  00      382     3766        -        -    892838100.784    892838100.7885           519       2
  0  01     1111     4045        -        - 
  0  00      308     3001        -        -    906092496.936    906092496.9405           520       2
  0  01      326     3341        -        - 
  0  00     1411     4032        -        -    912689248.256    912689248.2600           521       2
  0  01      451     4045        -        - 
  0  00     1526     4032        -        -    914764209.992    914764209.9965           522       2
  0  01      318     3262        -        - 
  0  00      199     2072        -        -    919276906.016    919276906.0205           523       2
  0  01      207     2210        -        - 
  0  00      144     1444        -        -    929337441.056    929337441.0605           524       2
  0  01      381     3900        -        - 
  0  00      121     1232        -        -    932917238.944    932917238.9485           525       2
  0  01      241     2521        -        - 
  0  00      222     2241        -        -    945109170.272    945616446.9400           526       2
  0  01      371     3745        -        - 
  0  00      205     2003        -        -    947934865.440    947934865.4445           527       2
  0  01      505     4045        -        - 
  0  00      330     3286        -        -    953153085.808    953153085.8120           528       2
  0  01      145     1517        -        - 
  0  00      185     1871        -        -    955022918.344    955022918.3485           529       2
  0  01      535     4045        -        - 
  0  00      252     2501        -        -    956946304.704    956946304.7085           530       2
  0  01      453     4045        -        - 
  0  00      146     1464        -        -    962604033.248    962604033.2525           531       2
  0  01      163     1741        -        - 
  0  00      246     2498        -        -    972119743.072    972119743.0765           532       2
  0  01      191     2085        -        - 
  0  00      133     1350        -        -    981444622.968    981444622.9725           533       2
  0  01     4024     4045        -        - 
  0  00     1471     4032        -        -    987468446.208    987468446.2125           534       2
  0  01      679     4045        -        - 
  0  00      120     1145        -        -    995904633.520    995904633.5245           535       2
  0  01      318     3239        -        - 
  0  00      154     1523        -        -   1026296263.320   1026296263.3245           536       2
  0  01      173     1772        -        - 
  0  00     1186     4032        -        -   1036804398.728   1036804398.7320           537       2
  0  01      184     1929        -        - 
  0  00      363     3586        -        -   1047868960.584   1047868960.5885           538       2
  0  01     2712     4045        -        - 
  0  00      234     2313        -        -   1051553340.432   1051553340.4365           539       2
  0  01      192     2042        -        - 
  0  00      271     2783        -        -   1054789733.344   1054789733.3485           540       2
  0  01      671     4045        -        - 
  0  00     2537     4032        -        -   1068778682.728   1068778682.7325           541       2
  0  01      678     4045        -        - 
  0  00      279     2744        -        -   1069010615.200   1069010615.2045           542       2
  0  01      243     2626        -        - 
  0  00     1084     4032        -        -   1069317565.616   1069317565.6205           543       2
  0  01      478     4045        -        - 
  0  00      748     4032        -        -   1082208647.720   1082208647.7240           544       2
  0  01      334     3439        -        - 
  0  00     2099     4032        -        -   1083663376.920   1083663376.9245           545       2
  0  01      362     3740        -        - 
  0  00      426     4032        -        -   1084050559.336   1084050559.3405           546       2
  0  01      821     4045        -        - 
  0  00      139     1387        -        -   1084669925.160   1084669925.1645           547       2
  0  01      123     1300        -        - 
  0  00      283     2797        -        -   1124004042.968   1124004042.9725           548       2
  0  01      341     3529        -        - 
  0  00     1065     4032        -        -   1146256308.640   1146256308.6445           549       2
  0  01      962     4045        -        - 
  0  00      131     1336        -        -   1162073010.584   1162073010.5885           550       2
  0  01      155     1673        -        - 
  0  00     3525     4032        -        -   1162828840.280   1162828840.2840           551       2
  0  01      220     2361        -        - 
  0  00      121     1135        -        -   1162878354.008   1162878354.0125           552       2
  0  01      403     4031        -        - 
  0  00      810     4032        -        -   1170172956.992   1170172956.9960           553       2
  0  01      695     4045        -        - 
  0  00      158     1625        -        -   1170648324.520   1170648324.5245           554       2
  0  01      765     4045        -        - 
  0  00      236     2271        -        -   1171967777.408   1171967777.4120           555       2
  0  01      131     1253        -        - 
  0  00     1456     4032        -        -   1183118293.872   1183118293.8765           556       2
  0  01      993     4045        -        - 
  0  00      151     1551        -        -   1185495780.360   1185495780.3645           557       2
  0  01      607     4045        -        - 
  0  00      129     1277        -        -   1210487875.456   1210487875.4605           558       2
  0  01      145     1486        -        - 
  0  00      475     4032        -        -   1215202647.944   1215202647.9485           559       2
  0  01      605     4045        -        - 
  0  00      274     2760        -        -   1221973585.280   1221973585.2840           560       2
  0  01      422     4045        -        - 
  0  00      226     2312        -        -   1228219331.576   1228219331.5800           561       2
  0  01      123     1259        -        - 
  0  00      584     4032        -        -   1239560664.160   1239560664.1645           562       2
  0  01      822     4045        -        - 
  0  00      428     4032        -        -   1239934850.776   1239934850.7805           563       2
  0  01      339     3467        -        - 
  0  00     2814     4032        -        -   1246412137.872   1246412137.8760           564       2
  0  01      405     4045        -        - 
  0  00      332     3269        -        -   1247914872.136   1247914872.1405           565       2
  0  01     1462     4045        -        - 
  0  00      215     2180        -        -   1255176143.008   1255176143.0125           566       2
  0  01      158     1760        -        - 
  0  00      175     1826        -        -   1260271508.968   1260271508.9725           567       2
  0  01      156     1750        -        - 
  0  00      257     2609        -        -   1265725345.320   1265725345.3245           568       2
  0  01      724     4045        -        - 
  0  00     4034     4032        -        -   1267226509.944   1267226509.9485           569       2
  0  01     1637     4045        -        - 
  0  00      209     2089        -        -   1285965898.696   1285965898.7005           570       2
  0  01      381     3908        -        - 
  0  00      126     1212        -        -   1321714261.560   1321714261.5645           571       2
  0  01     4024     4045        -        - 
  0  00      150     1446        -        -   1324171475.104   1324171475.1085           572       2
  0  01     2062     4045        -        - 
  0  00      278     2811        -        -   1373365007.656   1373365007.6600           573       2
  0  01      321     3347        -        - 
  0  00      151     1601        -        -   1380329744.952   1380329744.9565           574       2
  0  01     2021     4045        -        - 
  0  00      237     2412        -        -   1382419528.208   1382419528.2125           575       2
  0  01     2454     4045        -        - 
  0  00      446     4032        -        -   1399231677.472   1399231677.4765           576       2
  0  01      331     3414        -        - 
  0  00      274     2697        -        -   1402357989.976   1402357989.9805           577       2
  0  01      298     3135        -        - 
  0  00      228     2248        -        -   1403987466.392   1403987466.3960           578       2
  0  01      169     1699        -        - 
  0  00      251     2562        -        -   1410616217.384   1410616217.3885           579       2
  0  01      405     4045        -        - 
  0  00      538     4032        -        -   1412840570.896   1412840570.9005           580       2
  0  01      699     4045        -        - 
  0  00      147     1427        -        -   1428727449.448   1428727449.4525           581       2
  0  01      193     2039        -        - 
  0  00     2942     4032        -        -   1435099108.984   1435099108.9880           582       2
  0  01      836     4045        -        - 
  0  00      186     1881        -        -   1438475603.048   1438475603.0525           583       2
  0  01      182     1910        -        - 
  0  00      591     4032        -        -   1449527559.696   1449527559.7005           584       2
  0  01     1324     4045        -        - 
  0  00      167     1633        -        -   1450449005.600   1450449005.6040           585       2
  0  01      123     1266        -        - 
  0  00      820     4032        -        -   1456876980.056   1456876980.0605           586       2
  0  01     1661     4045        -        - 
  0  00      738     4032        -        -   1480775745.040   1480775745.0445           587       2
  0  01      794     4045        -        - 
  0  00      290     2939        -        -   1489066906.896   1489066906.9005           588       2
  0  01      444     4045        -        - 
  0  00      257     2646        -        -   1493588404.056   1493588404.0605           589       2
  0  01     1578     4045        -        - 
  0  00      430     4032        -        -   1494219829.600   1494219829.6045           590       2
  0  01      809     4045        -        - 
  0  00      274     2770        -        -   1504452308.976   1504452308.9805           591       2
  0  01      172     1890        -        - 
  0  00     1972     4032        -        -   1504489949.544   1504489949.5485           592       2
  0  01      679     4045        -        - 
  0  00      139     1453        -        -   1527846013.048   1527846013.0525           593       2
  0  01     1359     4045        -        - 
  0  00      316     3192        -        -   1533695142.208   1533695142.2125           594       2
  0  01      358     3727        -        - 
  0  00     1188     4032        -        -   1540067647.008   1540067647.0120           595       2
  0  01      170     1900        -        - 
  0  00      228     2295        -        -   1540633054.296   1540633054.3000           596       2
  0  01      131     1379        -        - 
  0  00      397     3905        -        -   1549190628.072   1549190628.0765           597       2
  0  01      511     4045        -        - 
  0  00      114     1161        -        -   1553935422.952   1553935422.9565           598       2
  0  01      238     2430        -        - 
  0  00      335     3302        -        -   1559206953.080   1559206953.0840           599       2
  0  01      177     1878        -        - 
  0  00     1407     4032        -        -   1573264175.824   1573264175.8280           600       2
  0  01      251     2696        -        - 
  0  00      892     4032        -        -   1585006491.752   1585006491.7560           601       2
  0  01      352     3694        -        - 
  0  00      233     2333        -        -   1587970987.664   1587970987.6685           602       2
  0  01      518     4045        -        - 
  0  00     2266     4032        -        -   1592175107.520   1592175107.5240           603       2
  0  01      315     3255        -        - 
  0  00     3918     4032        -        -   1624697599.352   1624697599.3565           604       2
  0  01      432     4045        -        - 
  0  00     1774     4032        -        -   1638969123.872   1638969123.8760           605       2
  0  01      205     2194        -        - 
  0  00      362     3583        -        -   1640907171.824   1640907171.8285           606       2
  0  01     4024     4045        -        - 
  0  00     3111     4032        -        -   1643827499.008   1643827499.0120           607       2
  0  01      406     4045        -        - 
  0  00      749     4032        -        -   1643879522.136   1643879522.1405           608       2
  0  01      956     4045        -        - 
  0  00      303     3018        -        -   1648263572.176   1648263572.1805           609       2
  0  01      644     4045        -        - 
  0  00      315     3123        -        -   1652212410.568   1652212410.5720           610       2
  0  01      150     1539        -        - 
  0  00      376     3729        -        -   1661723027.128   1661723027.1325           611       2
  0  01      395     4034        -        - 
  0  00      117     1145        -        -   1670665477.712   1670665477.7165           612       2
  0  01      120     1177        -        - 
  0  00      155     1522        -        -   1706416514.512   1706416514.5165           613       2
  0  01      169     1764        -        - 
  0  00      196     2004        -        -   1720904471.984   1720904471.9885           614       2
  0  01      389     3895        -        - 
  0  00      288     2873        -        -   1731413680.432   1731413680.4360           615       2
  0  01      133     1315        -        - 
  0  00      148     1497        -        -   1742699612.664   1742699612.6685           616       2
  0  01      139     1421        -        - 
  0  00      211     2157        -        -   1763852232.856   1763852232.8605           617       2
  0  01      646     4045        -        - 
  0  00      204     2066        -        -   1764674307.712   1764674307.7165           618       2
  0  01      188     2052        -        - 
  0  00      481     4032        -        -   1769369081.920   1769369081.9240           619       2
  0  01      285     2959        -        - 
  0  00      345     3455        -        -   1777724056.584   1777724056.5880           620       2
  0  01      344     3532        -        - 
  0  00      315     3224        -        -   1780055993.520   1780055993.5245           621       2
  0  01      468     4045        -        - 
  0  00      594     4032        -        -   1781294650.352   1781294650.3565           622       2
  0  01     1004     4045        -        - 
  0  00      204     2054        -        -   1806912764.144   1806912764.1485           623       2
  0  01      141     1495        -        - 
  0  00      197     2003        -        -   1814958819.104   1814958819.1085           624       2
  0  01      246     2566        -        - 
  0  00      375     3672        -        -   1824424190.848   1824424190.8525           625       2
  0  01      946     4045        -        - 
  0  00      188     1787        -        -   1835340547.424   1835340547.4280           626       2
  0  01      126     1230        -        - 
  0  00      186     1892        -        -   1841487948.720   1841487948.7245           627       2
  0  01      294     3159        -        - 
  0  00      188     1961        -        -   1842283573.952   1842283573.9565           628       2
  0  01      744     4045        -        - 
  0  00     2970     4032        -        -   1845393629.584   1845393629.5880           629       2
  0  01      250     2614        -        - 
  0  00     1152     4032        -        -   1849399910.192   1849399910.1965           630       2
  0  01     2993     4045        -        - 
  0  00      497     4032        -        -   1860385551.608   1860385551.6125           631       2
  0  01      630     4045        -        - 
  0  00      458     4032        -        -   1878517731.096   1878517731.1000           632       2
  0  01      123     1239        -        - 
  0  00     3298     4032        -        -   1880883135.552   1880883135.5560           633       2
  0  01      244     2567        -        - 
  0  00      232     2323        -        -   1894488568.312   1894488568.3165           634       2
  0  01      219     2327        -        - 
  0  00      399     3868        -        -   1911824936.480   1911824936.4845           635       2
  0  01      908     4045        -        - 
  0  00      135     1321        -        -   1913846288.384   1913846288.3885           636       2
  0  01     1418     4045        -        - 
  0  00      384     3768        -        -   1917307963.888   1917307963.8925           637       2
  0  01      245     2501        -        - 
  0  00      231     2276        -        -   1928023123.368   1928023123.3720           638       2
  0  01      135     1386        -        - 
  0  00      478     4032        -        -   1935659329.592   1935659329.5965           639       2
  0  01      546     4045        -        - 
  0  00      140     1338        -        -   1946451391.104   1946451391.1085           640       2
  0  01      165     1712        -        - 
  0  00      317     3148        -        -   1954203911.880   1954203911.8845           641       2
  0  01     1072     4045        -        - 
  0  00      212     2094        -        -   1958308097.144   1958308097.1485           642       2
  0  01      214     2285        -        - 
  0  00      141     1469        -        -   1973545803.240   1973545803.2445           643       2
  0  01      330     3354        -        - 
  0  00      422     4032        -        -   1982348301.224   1982348301.2280           644       2
  0  01      132     1459        -        - 
  0  00      142     1406        -        -   1998724581.544   1998724581.5485           645       2
  0  01      215     2179        -        - 
  0  00     2251     4032        -        -   2016365506.192   2016365506.1960           646       2
  0  01     1241     4045        -        - 
  0  00      163     1668        -        -   2022360850.096   2022360850.1005           647       2
  0  01      893     4045        -        - 
  0  00      511     4032        -        -   2022777913.272   2022777913.2760           648       2
  0  01      229     2447        -        - 
  0  00      474     4032        -        -   2023114086.952   2023114086.9565           649       2
  0  01      293     3087        -        - 
  0  00      295     2965        -        -   2032399797.536   2032399797.5400           650       2
  0  01      187     1947        -        - 
  0  00      431     4032        -        -   2033446846.392   2033446846.3960           651       2
  0  01      173     1830        -        - 
  0  00     2185     4032        -        -   2034602012.808   2034602012.8125           652       2
  0  01      447     4045        -        - 
  0  00     3377     4032        -        -   2041662356.160   2041662356.1640           653       2
  0  01      258     2730        -        - 
