//************************************************
// Board: 5202
// File Format Version 3.4
// Janus Release 4.3.0
// Acquisition Mode: Spect_Timing
// Energy Histogram NBins: 4096
// ToA/ToT LSB: 0.5 ns
// Run start time: Wed Jul  1 20:25:24 2026 UTC
//************************************************
Brd  Ch       LG       HG  ToA_ns   ToT_ns         TStamp_us    Tref_TStamp_us         TrgID    NChs
  0  00      308     1154        -        -     29524276.592     29524276.5960             0       2
  0  01      353     1343        -        - 
  0  00     1770     3630     88.0     16.5     30406316.176     30406316.1805             1       2
  0  01     2733     4045        -        - 
  0  00      429     1592        -        -     43391943.912     43391943.9160            13       2
  0  01      312     1203        -        - 
  0  00     3912     4032        -        -     54752764.768     54752764.7725            14       2
  0  01      388     1457        -        - 
  0  00     2518     4032        -        -     71481014.648     71481014.6520            15       2
  0  01      173      706        -        - 
  0  00      356     1328        -        -    102564537.768    102564537.7725            16       2
  0  01      816     3017        -        - 
  0  00     1293     4032        -        -    107330189.696    107330189.7000            17       2
  0  01      271     1033        -        - 
  0  00      297     1087        -        -    129732766.080    129732766.0845            18       2
  0  01      614     2308        -        - 
  0  00      290     1079        -        -    131443259.464    131443259.4685            19       2
  0  01      256      993        -        - 
  0  00      320     1193        -        -    137131717.824    137131717.8285            20       2
  0  01      376     1435        -        - 
  0  00      268      998        -        -    158839809.304    158839809.3085            21       2
  0  01      829     3090        -        - 
  0  00      581     2133        -        -    159108167.360    159108167.3645            22       2
  0  01     3196     4045        -        - 
  0  00     3189     4032        -        -    178580467.616    178580467.6205            23       2
  0  01     4024     4045        -        - 
  0  00      384     1435        -        -    197397919.128    197397919.1325            24       2
  0  01      408     1523        -        - 
  0  00       23       99     56.0      1.5    235704030.032    235704030.0365            25       2
  0  01       38      178     52.0     13.5 
  0  00       31       90     54.0      7.0    235704041.392    235704041.3965            64       2
  0  01       62      213     51.0     16.5 
  0  00       41      178     53.5     11.0    235704054.576    235704054.5805            91       2
  0  01       74      313     52.5     17.0 
  0  00       32       93     90.0      7.5    235704260.264    235704260.2685           103       2
  0  01       46      183     21.0     13.5 
  0  00       38      100     51.5     12.5    235704287.272    235704287.2765           112       2
  0  01       65      240     50.5     19.0 
  0  00        7       16        -        -    235725772.768    235725772.7725           128       2
  0  01        0       23        -        - 
  0  00       18       83     89.5     14.0    235727081.896    235727081.9005           129       2
  0  01       37      129     88.5     20.0 
  0  00        7       86     70.5     10.0    235728106.208    235728106.2125           167       2
  0  01       10      291     70.5     15.0 
  0  00       18       75     50.0      8.5    235760546.608    235760546.6125           176       2
  0  01       27      121     48.5     16.0 
  0  00        8       34        -        -    235773738.536    235773738.5405           178       2
  0  01        8       83     46.5      7.5 
  0  00       18      149     60.0      9.5    235777517.200    235777517.2045           181       2
  0  01       23      314     61.0     11.5 
  0  00       52      210        -        -    235777530.744    235777527.5640           345       2
  0  01       68      481     47.5     18.0 
  0  00       10       61        -        -    235777542.816    235777542.8205           447       2
  0  01       18      117     56.0     17.0 
  0  00       27      246     52.0     15.0    235961634.856    235961634.8605           454       2
  0  01       61      611     52.5     19.5 
  0  00       53      427     29.5     17.5    235961648.384    235961645.3565           563       2
  0  01       82      945     97.0     21.5 
  0  00      487     1807        -        -    248537720.720    248537720.7245           567       2
  0  01     1010     3739        -        - 
  0  00      254      942        -        -    255145446.176    255145446.1805           568       2
  0  01      217      857        -        - 
  0  00      749     2730        -        -    351832595.496    351832595.5005           569       2
  0  01      576     2179        -        - 
  0  00     1078     3885        -        -    364835055.096    364835055.1005           570       2
  0  01     1140     4045        -        - 
  0  00      283     1052        -        -    402961919.272    402961919.2760           571       2
  0  01      212      834        -        - 
  0  00      496     1833        -        -    421189022.224    421189022.2285           572       2
  0  01     1025     3752        -        - 
  0  00      450     1642        -        -    428669927.872    428669927.8765           573       2
  0  01     1175     4045        -        - 
  0  00      335     1249        -        -    440555702.144    440555702.1485           574       2
  0  01      694     2595        -        - 
  0  00      560     2025        -        -    472130781.384    472130781.3880           575       2
  0  01      506     1870        -        - 
  0  00      483     1772        -        -    474629285.160    474629285.1640           576       2
  0  01      375     1416        -        - 
  0  00      389     1410        -        -    478636719.088    478636719.0925           577       2
  0  01      367     1382        -        - 
  0  00      250      944        -        -    482791125.600    482791125.6045           578       2
  0  01     1376     4045        -        - 
  0  00     1012     3660        -        -    535740402.288    535740402.2925           579       2
  0  01      473     1776        -        - 
  0  00     3566     4032        -        -    564246925.008    564246925.0125           580       2
  0  01      758     2840        -        - 
  0  00     2035     4032        -        -    570029360.344    570029360.3480           581       2
  0  01      945     3487        -        - 
  0  00      643     2363        -        -    581376050.368    581376050.3725           582       2
  0  01     4024     4045        -        - 
  0  00     1975     4032        -        -    584520905.656    584520905.6600           583       2
  0  01      495     1845        -        - 
  0  00      404     1489        -        -    585147294.744    585147294.7485           584       2
  0  01     1005     3705        -        - 
