//************************************************
// Board: 5202
// File Format Version 3.4
// Janus Release 4.3.0
// Acquisition Mode: Spect_Timing
// Energy Histogram NBins: 4096
// ToA/ToT LSB: 0.5 ns
// Run start time: Wed Jul  1 19:35:00 2026 UTC
//************************************************
Brd  Ch       LG       HG  ToA_ns   ToT_ns         TStamp_us    Tref_TStamp_us         TrgID    NChs
  0  00      315     3155        -        -     44135310.872     44135310.8760             0       2
  0  01      216     2353        -        - 
  0  00     1356     4032        -        -     49210021.368     49210021.3725             1       2
  0  01      953     4045        -        - 
  0  00      366     3618        -        -     64953088.552     64953088.5565             2       2
  0  01     3055     4045        -        - 
  0  00     2609     4032        -        -     74163004.808     74163004.8120             3       2
  0  01      268     2776        -        - 
  0  00      906     4032        -        -     74247295.208     74247295.2125             4       2
  0  01      523     4045        -        - 
  0  00      625     4032        -        -     94069734.592     94069734.5965             5       2
  0  01     2450     4045        -        - 
  0  00     3538     4032        -        -     96538968.752     96538968.7560             6       2
  0  01      257     2699        -        - 
  0  00      395     3800        -        -    104028059.112    104028059.1165             7       2
  0  01      632     4045        -        - 
  0  00      265     2626        -        -    119398953.784    119398953.7885             8       2
  0  01      373     3800        -        - 
  0  00      164     1637        -        -    135663650.448    135663650.4525             9       2
  0  01      175     1793        -        - 
  0  00      874     4032        -        -    165872844.016    165872844.0205            10       2
  0  01     1203     4045        -        - 
  0  00     3261     4032        -        -    168563838.656    168563838.6605            11       2
  0  01     1405     4045        -        - 
  0  00      394     3864        -        -    177987600.648    177987600.6525            12       2
  0  01      241     2496        -        - 
  0  00      367     3593        -        -    179132963.808    179132963.8125            13       2
  0  01     1002     4045        -        - 
  0  00      171     1723        -        -    179884092.624    179884092.6285            14       2
  0  01      273     2850        -        - 
  0  00      280     2804        -        -    180776814.120    180776814.1245            15       2
  0  01      374     3740        -        - 
  0  00      610     4032        -        -    198748080.176    198748080.1805            16       2
  0  01      390     3905        -        - 
  0  00     2081     4032        -        -    229129370.048    229129370.0520            17       2
  0  01      379     3830        -        - 
  0  00      229     2336        -        -    252602159.120    252602159.1245            18       2
  0  01     1257     4045        -        - 
  0  00      182     1758        -        -    256209553.288    256209553.2925            19       2
  0  01      172     1788        -        - 
  0  00     1548     4032        -        -    257152613.592    257152613.5965            20       2
  0  01     1625     4045        -        - 
  0  00      229     2330        -        -    264411051.776    264411051.7805            21       2
  0  01     2066     4045        -        - 
  0  00      251     2617        -        -    287741643.608    287741643.6125            22       2
  0  01      385     3915        -        - 
  0  00      158     1670        -        -    292550989.936    292550989.9405            23       2
  0  01      273     2855        -        - 
  0  00      426     4032        -        -    292996189.264    292996189.2685            24       2
  0  01     1671     4045        -        - 
  0  00      260     2660        -        -    301466196.056    301466196.0605            25       2
  0  01      553     4045        -        - 
  0  00      739     4032        -        -    302624988.304    302624988.3085            26       2
  0  01     3142     4045        -        - 
  0  00      150     1530        -        -    303104406.440    303104406.4445            27       2
  0  01      404     4045        -        - 
  0  00      236     2358        -        -    306686681.544    306686681.5480            28       2
  0  01      131     1334        -        - 
  0  00      478     4032        -        -    311338460.112    311338460.1165            29       2
  0  01      203     2165        -        - 
  0  00      339     3415        -        -    365918717.536    365918717.5405            30       2
  0  01      622     4045        -        - 
  0  00      334     3262        -        -    367558108.040    367558108.0445            31       2
  0  01      563     4045        -        - 
  0  00      162     1591        -        -    371811404.224    371811404.2285            32       2
  0  01      939     4045        -        - 
  0  00     1277     4032        -        -    377146283.832    377146283.8365            33       2
  0  01     2657     4045        -        - 
  0  00      133     1311        -        -    383756456.048    383756456.0525            34       2
  0  01      217     2257        -        - 
  0  00      341     3355        -        -    406466690.192    406466690.1960            35       2
  0  01      130     1252        -        - 
  0  00      814     4032        -        -    408802248.264    408802248.2680            36       2
  0  01      704     4045        -        - 
  0  00      786     4032        -        -    410768989.088    410768989.0920            37       2
  0  01      233     2494        -        - 
  0  00      506     4032        -        -    413554964.048    413554964.0525            38       2
  0  01     1379     4045        -        - 
  0  00      296     3021        -        -    416584459.760    416584459.7645            39       2
  0  01     1085     4045        -        - 
  0  00      485     4032        -        -    421458157.544    421458157.5485            40       2
  0  01     2580     4045        -        - 
  0  00      192     1955        -        -    428037281.696    428037281.7005            41       2
  0  01      215     2245        -        - 
  0  00      223     2220        -        -    464118010.640    464118010.6445            42       2
  0  01      865     4045        -        - 
  0  00      123     1150        -        -    473510486.296    473510486.3005            43       2
  0  01      133     1305        -        - 
  0  00      390     3843        -        -    473828163.160    473828163.1645            44       2
  0  01      513     4045        -        - 
  0  00     1773     4032        -        -    483186134.976    483186134.9800            45       2
  0  01      318     3319        -        - 
  0  00      504     4032        -        -    487027263.912    487027263.9165            46       2
  0  01      397     3968        -        - 
  0  00      338     3396        -        -    492576249.568    492576249.5725            47       2
  0  01     1289     4045        -        - 
  0  00      184     1849        -        -    498035144.104    498035144.1085            48       2
  0  01     1696     4045        -        - 
  0  00      987     4032        -        -    511844354.304    511844354.3085            49       2
  0  01      514     4045        -        - 
  0  00      133     1333        -        -    534214634.816    534214634.8205            50       2
  0  01     1390     4045        -        - 
  0  00      181     1775        -        -    535276462.848    535276462.8525            51       2
  0  01      249     2594        -        - 
  0  00      960     4032        -        -    552527685.248    552527685.2525            52       2
  0  01      628     4045        -        - 
  0  00      132     1271        -        -    563658421.840    563658421.8445            53       2
  0  01      178     1822        -        - 
  0  00      263     2635        -        -    564357721.608    564357721.6120            54       2
  0  01      153     1662        -        - 
  0  00      135     1351        -        -    566985890.288    566985890.2925            55       2
  0  01      152     1730        -        - 
