//************************************************
// Board: 5202
// File Format Version 3.4
// Janus Release 4.3.0
// Acquisition Mode: Spect_Timing
// Energy Histogram NBins: 4096
// ToA/ToT LSB: 0.5 ns
// Run start time: Tue Sep  8 12:45:37 2026 UTC
//************************************************
Brd  Ch       LG       HG  ToA_ns   ToT_ns         TStamp_us    Tref_TStamp_us         TrgID    NChs
  0  00     3385     4032     86.5     12.0    208595942.112    208595942.1160             0       6
  0  01     3563     4045        -        - 
  0  02     4010     4052     91.0     28.0 
  0  04      441     4041     91.0     23.5 
  0  06     4031     4051     91.5     21.0 
  0  08     4023     4028     39.5     13.0 
  0  00       20      320     84.0     18.0    208650356.688    208650356.6925             2       6
  0  01        7      523     40.5     16.0 
  0  02       46      635     36.0     22.5 
  0  04       32      425     35.5     21.0 
  0  06       33      485     36.5     18.5 
  0  08       12      327     50.5     11.5 
  0  00      123     1251     63.5     15.5    208650370.224    208650367.1480           126       6
  0  01      102     1185        -        - 
  0  02      267     2848     67.5     17.5 
  0  04      231     2564     68.0     15.5 
  0  06      197     2273     68.5     15.0 
  0  08      148     3266     67.0     11.5 
  0  00       22      111     79.0      7.0    208664266.368    208664266.3725           178       6
  0  01       18      130     76.0      6.5 
  0  02       25      213     86.5     10.5 
  0  04       11      198     86.5     11.0 
  0  06       12      150     87.5     10.0 
  0  08       22      396      9.0     13.5 
  0  00     1265     2116        -        -    208859166.776    208859166.7805           181       6
  0  01     1357     1843        -        - 
  0  02     1513     1643     39.5     13.5 
  0  04      439     1607     38.5     12.0 
  0  06     1409     1594     39.5     11.0 
  0  08     1489     1609     57.0     13.5 
  0  00       14      186     35.5     11.0    208859193.440    208859193.4445           182       6
  0  01       11      182     83.0      4.0 
  0  02       32      360     37.5     20.0 
  0  04       30      337     37.5     18.0 
  0  06       28      259     38.0     17.5 
  0  08       13      233     86.5     10.0 
  0  00       23      158     42.0     21.0    553109493.056    553109493.0605           195       6
  0  01       20      177     43.0     18.0 
  0  02       49      405        -        - 
  0  04       48      376     42.5     25.0 
  0  06       42      322     43.5     22.5 
  0  08       14       92     51.5     13.5 
  0  00      404     3948        -        -    566654509.152    566654509.1565           202       6
  0  01      143     1489        -        - 
  0  02      608     4052        -        - 
  0  04      453     4041        -        - 
  0  06      522     4051        -        - 
  0  08      833     4028        -        - 
  0  00       12      122        -        -    885195209.768    885195209.7725           203       6
  0  01        9      123        -        - 
  0  02        9      241        -        - 
  0  04       15      223     56.0     11.0 
  0  06        8      188        -        - 
  0  08        8      127     42.0     14.5 
  0  00       36      448     95.0     11.0   1143200820.560   1143200820.5645           214       6
  0  01       31      440     99.0      7.0 
  0  02       67      727     98.5     24.0 
  0  04       70      668     98.5     21.0 
  0  06       60      569     99.0     19.5 
  0  08       29      403     11.0      7.0 
  0  00      114     1085     95.0     33.0   1143200834.168   1143200830.9965           334       6
  0  01       94     1014     94.5     30.5 
  0  02      185     1864     99.5     61.5 
  0  04      168     1577     99.5     57.0 
  0  06      147     1342     99.5     31.5 
  0  08       97      946     42.5     14.0 
  0  00      122     1009     51.5     15.0   1143200847.704   1143200844.6040           433       6
  0  01      104      937     48.5     12.5 
  0  02      196     1636     41.0     25.5 
  0  04      190     1399        -        - 
  0  06      168     1232     42.0     19.0 
  0  08       96     1026     56.5     18.5 
  0  00       91      797     39.0     21.0   1143200861.400   1143200858.8845           522       6
  0  01       66      644        -        - 
  0  02      148     1346     42.5     28.0 
  0  04      149     1163     42.5     25.5 
  0  06      138     1102     43.5     23.0 
  0  08       72      683     40.0      8.5 
  0  00       30      201     48.0     11.0   1311593966.832   1311593966.8365           531       6
  0  01       34      223     44.5      9.5 
  0  02       50      385     50.0     16.0 
  0  04       45      348     52.0     15.5 
  0  06       47      326     54.0     11.5 
  0  08       34      242     44.0     13.5 
  0  00        9       75        -        -   1311594124.424   1311594124.4285           571       6
  0  01       12       87        -        - 
  0  02        3      221     44.0     10.5 
  0  04        9      149     44.0     12.0 
  0  06       13      157     47.5      5.0 
  0  08       10       77     71.0      8.5 
  0  00      146     1501        -        -   1754421163.760   1754421163.7645           598       6
  0  01      911     4045        -        - 
  0  02      672     4052        -        - 
  0  04      665     4041        -        - 
  0  06      409     4029        -        - 
  0  08       19      115        -        - 
  0  00     4034     4032        -        -   2680832811.296   2680832811.3000           599       6
  0  01      160     1645        -        - 
  0  02      435     4052        -        - 
  0  04      489     4041        -        - 
  0  06      492     4051        -        - 
  0  08      276     2852        -        - 
  0  00     1803     4032        -        -   2914987869.456   2914987869.4600           600       6
  0  01      709     4045        -        - 
  0  02      443     4052        -        - 
  0  04      381     3828        -        - 
  0  06      356     3558        -        - 
  0  08      276     2921        -        - 
  0  00     3349     4032        -        -   3131699868.368   3131699868.3725           601       6
  0  01     1349     4045        -        - 
  0  02      445     4052        -        - 
  0  04      680     4041        -        - 
  0  06      445     4051        -        - 
  0  08      290     2901        -        - 
  0  00       34      323     42.0     22.5   3227703498.216   3227703498.2205           602       6
  0  01       24      306     40.5     23.5 
  0  02       83      734     98.5     26.5 
  0  04       62      606     99.0     25.5 
  0  06       57      517     43.5     20.5 
  0  08       11      304     54.0     16.0 
  0  00       41      466     42.5     23.5   3227703536.528   3227703536.5325           607       6
  0  01       38      410     41.0     26.0 
  0  02      110     1131     99.0     31.0 
  0  04       84      925     99.5     29.0 
  0  06       86      878    100.0     27.0 
  0  08       29      429     53.0     18.0 
  0  00       74      678     39.5     25.5   3227703560.448   3227703560.4525           629       6
  0  01       42      630     38.5     26.5 
  0  02      124     1343     96.5     36.5 
  0  04      106     1177     97.5     34.0 
  0  06       91     1082     98.0     32.0 
  0  08       61      626     54.0     17.5 
  0  00       22      230     44.0     11.5   3227703603.056   3227703603.0605           684       6
  0  01       24      312     42.5      6.5 
  0  02       50      534     39.5     20.5 
  0  04       43      465     39.5     17.5 
  0  06       34      381     40.0     15.5 
  0  08       11      178     50.0     15.0 
  0  00       48      482     43.0     23.0   3227703614.512   3227703614.5165           694       6
  0  01       40      434     41.0     26.5 
  0  02      102      968        -        - 
  0  04       91      880        -        - 
  0  06       80      739        -        - 
  0  08       23      398     54.0     17.5 
  0  00       65      763     90.0     12.0   3227703628.680   3227703624.9245           708       6
  0  01       72      717     88.5     10.5 
  0  02      161     1501     35.0     19.5 
  0  04      147     1340     91.5     24.0 
  0  06      121     1125     35.5     15.0 
  0  08       43      801     47.0     12.5 
  0  00       62      634     42.5     25.0   3227703640.288   3227703640.2925           797       6
  0  01       57      579        -        - 
  0  02      141     1330        -        - 
  0  04      118     1187        -        - 
  0  06      110     1047        -        - 
  0  08       30      684     55.0     19.5 
  0  00       25      370     41.5     15.0   3227703726.664   3227703726.6685           819       6
  0  01        5      169     40.0      9.0 
  0  02       35      455     38.0     24.5 
  0  04       33      382     38.0     21.5 
  0  06       27      300     38.5     20.0 
  0  08       16      186     52.0     12.0 
  0  00       70      577     46.0     23.0   3227728906.840   3227728906.8445           824       6
  0  01       74      513        -        - 
  0  02      141     1506        -        - 
  0  04      128     1364        -        - 
  0  06      102      956        -        - 
  0  08       51      499     13.0     11.5 
  0  00      133     1394        -        -   3227728920.376   3227728917.3165           967       6
  0  01      117     1278     75.0     28.0 
  0  02      260     2681        -        - 
  0  04      225     2339        -        - 
  0  06      194     1982        -        - 
  0  08      122     1050        -        - 
  0  00      123      981     51.0     31.0   3227728932.152   3227728930.7965          1064       6
  0  01      113      905        -        - 
  0  02      216     1885     55.5     32.0 
  0  04      201     1677     55.5     32.0 
  0  06      175     1389     55.5     30.0 
  0  08      103      763     65.0     21.0 
  0  00       41      280     45.5     19.5   3227729281.096   3227729281.1005          1084       6
  0  01       39      208     43.0     21.5 
  0  02       70      527     46.0     25.0 
  0  04       63      484     47.0     24.0 
  0  06       62      440     47.5     22.5 
  0  08       27      165     48.0     17.0 
  0  00       85      646     46.5     25.5   3227729401.656   3227729401.6605          1090       6
  0  01       75      556     45.5     27.0 
  0  02      157     1681        -        - 
  0  04      140     1419        -        - 
  0  06      116     1144        -        - 
  0  08       51      525     16.0      8.0 
  0  00       30      212        -        -   3369937742.032   3369937742.0365          1108       6
  0  01       37      192        -        - 
  0  02       69      448     46.5     11.0 
  0  04       70      458     99.0     18.5 
  0  06       58      317    100.0     15.5 
  0  08       27      161     56.5      9.5 
  0  00       24      165        -        -   3369937981.784   3369937981.7885          1126       6
  0  01       27      153        -        - 
  0  02       61      480     45.5     15.0 
  0  04       36      234     48.5     12.0 
  0  06       36      179     52.0      6.0 
  0  08       31      114     41.0     12.5 
  0  00       52      460     52.0      8.0   3369937994.544   3369937994.5485          1153       6
  0  01       50      390     48.0      9.0 
  0  02       53      610     56.5     13.0 
  0  04       58      621     56.0     14.0 
  0  06       48      526     57.5     12.0 
  0  08       39      613        -        - 
  0  00       31      238        -        -   3369938009.424   3369938009.4280          1166       6
  0  01       35      221        -        - 
  0  02       54      387     76.0     17.0 
  0  04       60      424     75.5     14.0 
  0  06       53      380     76.0     12.5 
  0  08       27      251     60.0     11.5 
  0  00       46      418     50.0      5.5   3369938096.656   3369938096.6605          1167       6
  0  01       45      430     46.5      6.5 
  0  02       58      675     56.0      9.5 
  0  04       54      580     54.0     13.0 
  0  06       51      596     55.5     11.0 
  0  08       45      655     45.0     15.0 
  0  00       10      177     42.5     21.0   3369938890.448   3369938890.4525          1172       6
  0  01       10      212     44.0     17.0 
  0  02       30      443     42.0     31.5 
  0  04       18      357     43.5     29.5 
  0  06       26      321     46.5     25.0 
  0  08       20      305     42.0     17.5 
  0  00       67      650     92.0     23.0   3369938904.000   3369938902.1565          1205       6
  0  01       47      595     95.0     16.5 
  0  02      102     1228     93.5     31.0 
  0  04       93     1049     95.0     28.0 
  0  06       81      859     96.0     26.0 
  0  08       61      657     50.5      9.0 
  0  00       12       68        -        -   3369965658.944   3369965658.9485          1206       6
  0  01        3      104        -        - 
  0  02       17      158        -        - 
  0  04        8      113        -        - 
  0  06       21      103        -        - 
  0  08       28      123        -        - 
  0  00       10      132        -        -   3369965669.888   3369965669.8925          1207       6
  0  01       15      159        -        - 
  0  02       24      198        -        - 
  0  04       24      145        -        - 
  0  06       33      228        -        - 
  0  08       16       76     47.0      5.5 
  0  00        9      114     89.5     12.0   3370009692.336   3370009692.3405          1209       6
  0  01        9       99     86.0      9.0 
  0  02       10      321     98.5     22.5 
  0  04       30      336     24.5     18.0 
  0  06       13      228     68.5      5.0 
  0  08        3      874     51.0     15.0 
  0  00       15      227     42.0      4.5   3370030632.792   3370030632.7965          1214       6
  0  01       26      485     33.5      7.5 
  0  02       24      420     72.0     24.5 
  0  04       24      353     74.0     21.0 
  0  06       25      312     76.5     18.0 
  0  08       16      195     46.0     10.0 
  0  00       28      280     38.0     24.0   3370205137.016   3370205137.0205          1216       6
  0  01       21      238     38.5     22.5 
  0  02       71      628     95.5     11.5 
  0  04       58      552        -        - 
  0  06       52      456     41.5     23.0 
  0  08       11      222     31.0     11.0 
  0  00       27      344     80.0     23.0   3370205165.912   3370205165.9165          1222       6
  0  01       18      309     80.0     21.5 
  0  02       43      661     40.0     11.0 
  0  04       50      602     82.5     29.0 
  0  06       39      475     83.5     27.0 
  0  08       19      200     78.5     17.0 
  0  00        7      159     32.5     23.0   3370205184.488   3370205184.4925          1232       6
  0  01        1      150     33.0     21.0 
  0  02       28      648     86.0     17.0 
  0  04       27      441     87.5     11.0 
  0  06       25      364     87.0     12.5 
  0  08        0      174     55.0      8.0 
  0  00       65      683     81.5     20.0   3370205197.496   3370205195.0845          1313       6
  0  01       50      568     75.0     25.0 
  0  02      118     1273     84.5     28.5 
  0  04      101     1080     84.0     27.0 
  0  06       95      942     84.5     25.5 
  0  08       54      629        -        - 
  0  00      480     4032        -        -   3746294643.480   3746294643.4840          1319       6
  0  01      216     2289        -        - 
  0  02       11      109        -        - 
  0  04       11       11        -        - 
  0  06        7        0        -        - 
  0  08       18       67        -        - 
  0  00       40      249     79.5      5.5   4059844579.232   4059844579.2365          1320       6
  0  01       47      274        -        - 
  0  02       68      488     72.5     25.5 
  0  04       66      427     74.0     22.5 
  0  06       56      342     76.5     18.0 
  0  08       40      226        -        - 
  0  00      201     2095        -        -   4216512664.040   4216512664.0445          1322       6
  0  01     1799     4045        -        - 
  0  02      353     3774        -        - 
  0  04      280     2834        -        - 
  0  06      455     4051        -        - 
  0  08      403     4028        -        - 
  0  00      521     4032        -        -   4232455107.064   4232455107.0685          1323       6
  0  01      556     4045        -        - 
  0  02      412     4052        -        - 
  0  04      244     2571        -        - 
  0  06       86      990        -        - 
  0  08     1216     4028        -        - 
  0  00       42      348     94.0     11.0   4300001264.336   4300001264.3405          1324       6
  0  01       44      362     91.5      8.5 
  0  02       72      610     92.5     27.0 
  0  04       70      513     92.5     25.0 
  0  06       63      563     93.5     22.5 
  0  08       47      357     82.5     12.0 
  0  00       79      750     46.5      9.0   4319402486.432   4319402486.4360          1339       6
  0  01       47      552     41.0      6.0 
  0  02      137     1199     51.0     52.5 
  0  04      125     1061     52.0     49.0 
  0  06      115      962     52.5     48.5 
  0  08       56      504     61.5     17.0 
  0  00      147     1505        -        -   4813807170.360   4813807170.3645          1345       6
  0  01      280     2707        -        - 
  0  02      319     3346        -        - 
  0  04      210     2170        -        - 
  0  06      163     1721        -        - 
  0  08      217     2151        -        - 
