450 49.8113 6.1563 0.9243
2 4 3 14 36 51 90 131 30 6 1
6 1 4 15 42 67 105 78 39 10 1
2 5 2 8 20 187 74 44 19 12 6
1 1 4 13 17 76 87 85 36 16 4
567 51.2892 6.3576 0.9166
3 2 2 6 26 42 97 182 73 24 5
2 2 2 11 29 59 152 156 54 17 8
3 5 2 6 10 288 144 78 42 16 6
0 4 3 8 13 57 108 93 56 22 7
3898 55.5334 355.7343 0.9239
2 4 15 28 73 89 114 67 9 3 0
4 2 14 51 86 125 96 42 23 3 5
4 5 10 21 213 259 76 33 11 3 3
0 4 6 24 95 110 93 50 19 3 2
4713 43.3340 358.6879 0.9643
3 4 11 24 59 86 114 635 6 5 2
2 6 17 39 75 76 67 51 17 12 5
3 4 4 25 161 137 40 28 12 14 5
1 4 6 29 60 126 90 33 16 7 1
7384 49.5894 5.8801 0.9283
2 4 4 26 26 62 93 185 22 3 1
0 2 14 21 57 65 80 61 33 13 5
3 4 3 5 32 171 56 38 10 7 2
0 2 5 9 15 106 117 64 13 4 3
